0
0
0
91
80
72
0
0
0
0
7
161
0
0
0
406
231
254
233
0
0
49
124
43
133
93
52
49
57
91
114
102
14
658
0
9
0
94
53
50
0
2
43
129
188
0
164
200
0
0
0
0
0
0
0
228
0
137
52
67
138
93
0
101
116
143
131
129
135
52
37
263
259
0
0
0
114
10
86
258
83
0
27
256
39
85
214
14
0
167
64
185
52
72
104
0
479
0
330
0
0
237
0
0
75
142
210
0
0
292
0
355
0
27
308
155
276
98
0
0
0
0
0
0
0
0
0
0
0
0
157
0
0
0
0
0
0
0
0
0
9
0
126
0
0
0
80
0
0
0
0
156
131
0
0
0
0
0
108
129
143
216
74
0
0
1
83
7
88
0
0
0
0
39
512
0
206
0
76
0
0
10
0
0
0
25
424
174
49
0
0
0
153
0
0
122
164
0
138
255
0
0
0
0
0
151
0
0
0
0
0
0
0
0
0
0
0
610
0
64
443
0
223
13
0
200
43
104
121
404
131
